
******************************************
***             Results                ***
******************************************

Model run #59fd4118-695d30a1  - Summary

Power development program #59fd4118: Baseline - PDP7A extended
Parameters #695d30a1: Reference - median values from OpenEI and IPCC literature reviews
System LCOE:  2.81  US cent / kWh
CO2 emissions 11.1 Gt CO2eq

Model run #59fd4118-695d30a1  - Totals

Construction:   222 billion USD
Salvage value   -12 billion USD
Fixed O&M       46 billion USD
Variable O&M    29 billion USD
Fuel cost       128 billion USD

Total cost      414 billion USD
Power produced 14736 TWh

System LCOE:   2.81 US cent / kWh

GHG emissions over  2016 - 2050 by source (Mt CO2eq)
BigHydro        12
BioCCS         NaN
Biomass          4
Coal          8983
CoalCCS        NaN
Gas           1840
GasCCS         NaN
Import         128
Oil             50
SmallHydro       3
Solar           46
Total          NaN
Wind             9
dtype: float64

Model run #59fd4118-695d30a1  - Detailed results tables

Construction costs (M$)
       Coal   Gas  Oil  BigHydro  SmallHydro  Biomass  Wind  Solar  CoalCCS  GasCCS  BioCCS
2016   3858     0    0      6241         183      153   200    224        0       0       0
2017   5301     0   61      1211         367      306   398    448        0       0       0
2018   7952     0  120      1467         550      459   598    667        0       0       0
2019  14195     0    0      1154         734      612   792    878        0       0       0
2020   6744   758    0      1393         917      768   984   1089        0       0       0
2021  19334  1516    0      1393          80      236   355    800        0       0       0
2022  23501   758    0      1024         161      475   706   1583        0       0       0
2023   9512  2274    0       299         240      711  1054   2350        0       0       0
2024   5301  2274    0         0         322      951  1398   3101        0       0       0
2025   7362   758    0       569         403     1190  1739   3836        0       0       0
2026   5890  2274    0       205         192      322  1151   1926        0       0       0
2027   5890   758    0         0         386      645  2295   3811        0       0       0
2028   5301  1970    0         0         580      967  3428   5659        0       0       0
2029   3534  2324    0         0         772     1290  4544   7461        0       0       0
2030   1767  1112    0       512         965     1612  5655   9223        0       0       0
2031      0   758   14         0          86      166  3799   3421        0       0       0
2032      0   758   14         0          86      166  3780   3382        0       0       0
2033      0   758   13         0          86      166  3761   3343        0       0       0
2034      0   758   13         0          86      166  3741   3304        0       0       0
2035      0   758   13         0          86      166  3722   3266        0       0       0
2036      0   758   13         0          86      166  3704   3227        0       0       0
2037      0   758   13         0          86      166  3685   3188        0       0       0
2038      0   758   13         0          86      166  3666   3150        0       0       0
2039      0   758   12         0          86      166  3646   3111        0       0       0
2040      0   758   12         0          86      166  3627   3072        0       0       0
2041      0   758   12         0          86      166  3608   3033        0       0       0
2042      0   758   12         0          86      166  3589   2995        0       0       0
2043      0   758   12         0          86      166  3570   2956        0       0       0
2044      0   758   12         0          86      166  3550   2917        0       0       0
2045      0   758   11         0          86      166  3532   2879        0       0       0
2046      0   758   11         0          86      166  3513   2840        0       0       0
2047      0   758   11         0          86      166  3494   2801        0       0       0
2048      0   758   11         0          86      166  3475   2762        0       0       0
2049      0   758   11         0          86      166  3455   2724        0       0       0
2050      0   758   11         0          86      166  3436   2685        0       0       0

Fixed operating costs (M$)
      Coal  Gas  Oil  BigHydro  SmallHydro  Biomass  Wind  Solar  CoalCCS  GasCCS  BioCCS
2016   442  122    6       358          36       12    19      1        0       0       0
2017   498  122    7       352          40       22    28      3        0       0       0
2018   583  121    7       345          45       37    42      7        0       0       0
2019   735  120    6       337          53       58    60     11        0       0       0
2020   808  130    6       331          62       84    82     16        0       0       0
2021  1015  153    5       326          63       92    89     19        0       0       0
2022  1266  157    5       318          65      108   104     26        0       0       0
2023  1361  185    5       306          67      132   126     36        0       0       0
2024  1411  220    5       292          70      164   156     49        0       0       0
2025  1490  223    4       281          74      204   192     64        0       0       0
2026  1553  249    4       268          76      215   215     71        0       0       0
2027  1616  260    4       254          80      237   262     84        0       0       0
2028  1672  290    4       239          86      270   332    105        0       0       0
2029  1710  316    4       225          94      313   425    132        0       0       0
2030  1729  318    3       213         104      368   538    164        0       0       0
2031  1729  324    3       198         105      373   609    171        0       0       0
2032  1729  332    3       184         106      379   678    177        0       0       0
2033  1729  329    3       170         106      384   744    183        0       0       0
2034  1729  325    3       155         107      389   809    187        0       0       0
2035  1729  328    3       141         107      393   868    191        0       0       0
2036  1729  329    3       127         107      397   924    193        0       0       0
2037  1729  335    3       112         107      403   977    195        0       0       0
2038  1729  346    3        98         107      409  1025    195        0       0       0
2039  1729  358    3        84         107      414  1067    195        0       0       0
2040  1729  369    3        69         107      419  1104    194        0       0       0
2041  1720  380    3        55         107      421  1143    191        0       0       0
2042  1710  392    3        41         107      418  1182    187        0       0       0
2043  1705  403    3        26         108      411  1214    182        0       0       0
2044  1699  415    3        12         108      399  1237    176        0       0       0
2045  1695  421    3         0         108      381  1254    168        0       0       0
2046  1693  415    3         0         108      370  1271    160        0       0       0
2047  1689  409    3         0         108      363  1282    150        0       0       0
2048  1684  398    2         0         108      349  1274    139        0       0       0
2049  1652  375    1         0         108      326  1248    127        0       0       0
2050  1620  363    2         0         108      296  1205    113        0       0       0

Variable operating costs (M$)
      Coal  Gas  Oil  BigHydro  SmallHydro  Biomass  Wind  Solar  CoalCCS  GasCCS  BioCCS  Import
2016   249  146    9       133          42        1     0      0        0       0       0     198
2017   286  141   10       140          41        2     0      0        0       0       0     245
2018   340  135   10       148          41        4     0      0        0       0       0     292
2019   435  130    9       155          41        7     0      0        0       0       0     339
2020   485  137    8       164          40       11     0      0        0       0       0     387
2021   598  162    8       168          39       12     0      0        0       0       0     387
2022   732  168    7       171          40       13     0      0        0       0       0     388
2023   771  198    7       171          40       15     0      0        0       0       0     388
2024   784  236    7       170          42       18     0      0        0       0       0     389
2025   811  241    6       171          43       21     0      0        0       0       0     389
2026   878  269    6       172          44       23     0      0        0       0       0     395
2027   947  281    6       172          47       25     0      0        0       0       0     400
2028  1015  313    6       172          51       29     0      0        0       0       0     406
2029  1074  341    5       172          56       34     0      0        0       0       0     412
2030  1123  343    5       174          62       41     0      0        0       0       0     417
2031  1120  350    5       174          65       42     0      0        0       0       0     418
2032  1117  360    5       173          67       43     0      0        0       0       0     418
2033  1115  357    5       173          70       44     0      0        0       0       0     419
2034  1112  354    5       173          73       45     0      0        0       0       0     419
2035  1109  357    5       172          75       46     0      0        0       0       0     419
2036  1107  359    5       172          78       48     0      0        0       0       0     420
2037  1104  366    5       172          80       49     0      0        0       0       0     420
2038  1101  379    5       171          83       50     0      0        0       0       0     421
2039  1099  393    5       171          85       52     0      0        0       0       0     421
2040  1096  406    5       171          88       53     0      0        0       0       0     421
2041  1087  419    5       170          90       54     0      0        0       0       0     422
2042  1079  433    5       170          93       54     0      0        0       0       0     422
2043  1073  447    5       170          95       54     0      0        0       0       0     423
2044  1066  460    5       169          98       53     0      0        0       0       0     423
2045  1062  468    5       169         100       51     0      0        0       0       0     424
2046  1058  462    5       169         103       50     0      0        0       0       0     424
2047  1052  457    4       169         105       50     0      0        0       0       0     424
2048  1047  445    3       168         108       48     0      0        0       0       0     425
2049  1024  420    2       168         110       46     0      0        0       0       0     425
2050  1002  408    2       168         112       42     0      0        0       0       0     426

Heat used (TBtu)
      Coal  Gas  Oil  BigHydro  SmallHydro  Biomass  Wind  Solar  CoalCCS  GasCCS  BioCCS  Import
2016   629  307   13         0           0        2     0      0        0       0       0       0
2017   722  296   13         0           0        5     0      0        0       0       0       0
2018   858  284   14         0           0        9     0      0        0       0       0       0
2019  1098  273   12         0           0       16     0      0        0       0       0       0
2020  1224  287   11         0           0       25     0      0        0       0       0       0
2021  1509  340   11         0           0       26     0      0        0       0       0       0
2022  1848  352   10         0           0       29     0      0        0       0       0       0
2023  1948  416   10         0           0       34     0      0        0       0       0       0
2024  1979  497    9         0           0       40     0      0        0       0       0       0
2025  2047  507    9         0           0       48     0      0        0       0       0       0
2026  2216  565    9         0           0       51     0      0        0       0       0       0
2027  2392  591    8         0           0       57     0      0        0       0       0       0
2028  2565  658    8         0           0       65     0      0        0       0       0       0
2029  2713  716    7         0           0       76     0      0        0       0       0       0
2030  2835  720    7         0           0       90     0      0        0       0       0       0
2031  2828  735    7         0           0       93     0      0        0       0       0       0
2032  2822  756    7         0           0       96     0      0        0       0       0       0
2033  2815  750    7         0           0       98     0      0        0       0       0       0
2034  2808  743    7         0           0      101     0      0        0       0       0       0
2035  2802  751    7         0           0      103     0      0        0       0       0       0
2036  2795  754    7         0           0      106     0      0        0       0       0       0
2037  2788  769    7         0           0      109     0      0        0       0       0       0
2038  2782  797    7         0           0      112     0      0        0       0       0       0
2039  2775  825    7         0           0      115     0      0        0       0       0       0
2040  2768  853    7         0           0      118     0      0        0       0       0       0
2041  2746  881    7         0           0      120     0      0        0       0       0       0
2042  2725  910    7         0           0      120     0      0        0       0       0       0
2043  2710  938    7         0           0      120     0      0        0       0       0       0
2044  2693  967    7         0           0      118     0      0        0       0       0       0
2045  2681  982    7         0           0      114     0      0        0       0       0       0
2046  2672  971    6         0           0      112     0      0        0       0       0       0
2047  2658  959    6         0           0      111     0      0        0       0       0       0
2048  2644  934    4         0           0      108     0      0        0       0       0       0
2049  2587  882    3         0           0      102     0      0        0       0       0       0
2050  2531  857    3         0           0       93     0      0        0       0       0       0

Fuel costs (M$)
      Coal   Gas  Oil  BigHydro  SmallHydro  Biomass  Wind  Solar  CoalCCS  GasCCS  BioCCS  Import
2016  1473  1350   57         0           0        6     0      0      NaN     NaN     NaN       0
2017  1688  1300   59         0           0       12     0      0      NaN     NaN     NaN       0
2018  2008  1252   63         0           0       21     0      0      NaN     NaN     NaN       0
2019  2569  1201   54         0           0       36     0      0      NaN     NaN     NaN       0
2020  2864  1262   49         0           0       56     0      0      NaN     NaN     NaN       0
2021  3531  1494   47         0           0       59     0      0      NaN     NaN     NaN       0
2022  4323  1549   45         0           0       66     0      0      NaN     NaN     NaN       0
2023  4557  1832   43         0           0       77     0      0      NaN     NaN     NaN       0
2024  4631  2186   41         0           0       91     0      0      NaN     NaN     NaN       0
2025  4791  2230   39         0           0      108     0      0      NaN     NaN     NaN       0
2026  5186  2487   38         0           0      115     0      0      NaN     NaN     NaN       0
2027  5597  2599   36         0           0      128     0      0      NaN     NaN     NaN       0
2028  6001  2895   34         0           0      147     0      0      NaN     NaN     NaN       0
2029  6349  3152   32         0           0      173     0      0      NaN     NaN     NaN       0
2030  6634  3170   30         0           0      205     0      0      NaN     NaN     NaN       0
2031  6618  3235   30         0           0      211     0      0      NaN     NaN     NaN       0
2032  6603  3327   30         0           0      217     0      0      NaN     NaN     NaN       0
2033  6587  3300   30         0           0      223     0      0      NaN     NaN     NaN       0
2034  6572  3268   30         0           0      229     0      0      NaN     NaN     NaN       0
2035  6556  3304   30         0           0      235     0      0      NaN     NaN     NaN       0
2036  6540  3317   30         0           0      241     0      0      NaN     NaN     NaN       0
2037  6525  3382   30         0           0      247     0      0      NaN     NaN     NaN       0
2038  6509  3505   30         0           0      254     0      0      NaN     NaN     NaN       0
2039  6493  3629   30         0           0      261     0      0      NaN     NaN     NaN       0
2040  6478  3753   30         0           0      267     0      0      NaN     NaN     NaN       0
2041  6427  3878   30         0           0      271     0      0      NaN     NaN     NaN       0
2042  6376  4003   30         0           0      273     0      0      NaN     NaN     NaN       0
2043  6342  4128   30         0           0      272     0      0      NaN     NaN     NaN       0
2044  6302  4254   30         0           0      267     0      0      NaN     NaN     NaN       0
2045  6274  4322   29         0           0      258     0      0      NaN     NaN     NaN       0
2046  6252  4272   28         0           0      253     0      0      NaN     NaN     NaN       0
2047  6219  4221   26         0           0      252     0      0      NaN     NaN     NaN       0
2048  6186  4111   18         0           0      245     0      0      NaN     NaN     NaN       0
2049  6055  3881   13         0           0      231     0      0      NaN     NaN     NaN       0
2050  5923  3769   15         0           0      212     0      0      NaN     NaN     NaN       0

GHG emissions (ktCO2eq including CO2, CH4 and N20)
        Coal    Gas   Oil  BigHydro  SmallHydro  Biomass  Wind  Solar  CoalCCS  GasCCS  BioCCS  Import
year                                                                                                  
1974       0      0     0         0           0        0     0      0      NaN     NaN     NaN       0
1975       0      0     0         0           0        0     0      0      NaN     NaN     NaN       0
1976       0      0     0         0           0        0     0      0      NaN     NaN     NaN       0
1977       0      0     0         0           0        0     0      0      NaN     NaN     NaN       0
1978       0      0     0         0           0        0     0      0      NaN     NaN     NaN       0
1979       0      0     0         0           0        0     0      0      NaN     NaN     NaN       0
1980       0      0     0         0           0        0     0      0      NaN     NaN     NaN       0
1981       0      0     0         0           0        0     0      0      NaN     NaN     NaN       0
1982       0      0     0         0           0        0     0      0      NaN     NaN     NaN       0
1983       0      0     0         0           0        0     0      0      NaN     NaN     NaN       0
1984       0      0     0         0           0        0     0      0      NaN     NaN     NaN       0
1985       0      0     0         0           0        0     0      0      NaN     NaN     NaN       0
1986       0      0     0         0           0        0     0      0      NaN     NaN     NaN       0
1987       0      0     0         0           0        0     0      0      NaN     NaN     NaN       0
1988       0      0     0         0           0        0     0      0      NaN     NaN     NaN       0
1989       0      0     0         0           0        0     0      0      NaN     NaN     NaN       0
1990    2003      0   625        15           6        0     0      0      NaN     NaN     NaN       0
1991    1367      0   662        18           7        0     0      0      NaN     NaN     NaN       0
1992     852      3   699        21           8        0     0      0      NaN     NaN     NaN       0
1993     638      7   736        23           9        0     0      0      NaN     NaN     NaN       0
1994    1072      2   773        36           1        0     0      0      NaN     NaN     NaN       0
1995    2025    351   809        30          12        0     0      0      NaN     NaN     NaN       0
1996    2378    514   846        35          13        0     0      0      NaN     NaN     NaN       0
1997    3328    925   883        34          13        0     0      0      NaN     NaN     NaN       0
1998    3483   1612   920        32          12        0     0      0      NaN     NaN     NaN       0
1999    2918   1687   957        40          15        0     0      0      NaN     NaN     NaN       0
2000    3138   2043   993        42          16        0     0      0      NaN     NaN     NaN       0
2001    3221   2074  1030        70           3        0     0      0      NaN     NaN     NaN       0
2002    4883   3909  1067        52          20        0     0      0      NaN     NaN     NaN       0
2003    7244   5649  1104        55          21        0     0      0      NaN     NaN     NaN       0
2004    7180   9161  1122        51          20        0     0      0      NaN     NaN     NaN       0
2005   12187  10468  1122        49          19        0     0      0      NaN     NaN     NaN     192
2006   14128  11491  1122        73           8        0     0      0      NaN     NaN     NaN     485
2007   14635  12484  1122        82          10        0     0      0      NaN     NaN     NaN    1322
2008   14738  14568  1122        97           7        0     0      0      NaN     NaN     NaN    1618
2009   14994  17052  1122       114           6        1     0      0      NaN     NaN     NaN    1874
2010   22451  18210  1122       155           9        3     0      0      NaN     NaN     NaN    1946
2011   22451  18210  1122       118          46        1     1      0      NaN     NaN     NaN    1946
2012   24880  18491  1122       208           3        1     1      0      NaN     NaN     NaN     730
2013   30685  19640  1122       150          58        1     1      0      NaN     NaN     NaN    1169
2014   34338  22142  1122       168          66        1     1      0      NaN     NaN     NaN    1317
2015   55911  22907  1187       200          23        2     3      0      NaN     NaN     NaN    1239
2016   67241  20942  1150       216          48        3     4      5      NaN     NaN     NaN    1632
2017   77084  20176  1177       229          47        7     6     15      NaN     NaN     NaN    2023
2018   91658  19419  1269       241          47       13    10     33      NaN     NaN     NaN    2414
2019  117302  18628  1085       253          47       21    16     59      NaN     NaN     NaN    2805
2020  130765  19579   975       267          46       33    23     95      NaN     NaN     NaN    3196
2021  161215  23185   938       274          45       34    25    113      NaN     NaN     NaN    3200
2022  197370  24036   901       278          46       39    28    152      NaN     NaN     NaN    3204
2023  208056  28422   865       278          46       45    33    207      NaN     NaN     NaN    3208
2024  211414  33920   828       277          48       54    39    277      NaN     NaN     NaN    3212
2025  218729  34594   791       279          50       64    47    357      NaN     NaN     NaN    3216
2026  236781  38589   754       280          51       68    53    409      NaN     NaN     NaN    3263
2027  255546  40329   717       281          54       75    67    510      NaN     NaN     NaN    3309
2028  273992  44912   681       281          58       87    86    663      NaN     NaN     NaN    3356
2029  289876  48904   644       281          64      102   113    868      NaN     NaN     NaN    3403
2030  302875  49178   607       284          71      120   147   1127      NaN     NaN     NaN    3449
2031  302161  50189   607       283          74      124   171   1220      NaN     NaN     NaN    3453
2032  301447  51613   607       283          77      128   196   1313      NaN     NaN     NaN    3456
2033  300733  51205   607       282          81      131   221   1406      NaN     NaN     NaN    3459
2034  300019  50705   607       281          84      135   247   1499      NaN     NaN     NaN    3463
2035  299305  51257   607       281          87      138   273   1592      NaN     NaN     NaN    3466
2036  298591  51470   607       280          90      141   299   1684      NaN     NaN     NaN    3470
2037  297877  52475   607       280          92      145   326   1776      NaN     NaN     NaN    3473
2038  297163  54387   607       279          95      149   351   1869      NaN     NaN     NaN    3476
2039  296449  56306   607       279          98      153   377   1961      NaN     NaN     NaN    3480
2040  295735  58232   607       278         101      157   401   2053      NaN     NaN     NaN    3483
2041  293408  60165   607       278         104      159   427   2142      NaN     NaN     NaN    3487
2042  291088  62106   607       277         107      161   455   2226      NaN     NaN     NaN    3490
2043  289552  64054   607       277         109      160   481   2304      NaN     NaN     NaN    3494
2044  287727  66010   607       276         112      157   505   2377      NaN     NaN     NaN    3497
2045  286426  67057   575       276         115      152   527   2445      NaN     NaN     NaN    3500
2046  285421  66274   561       275         118      149   550   2513      NaN     NaN     NaN    3504
2047  283927  65487   529       275         121      148   572   2575      NaN     NaN     NaN    3507
2048  282436  63776   359       274         124      144   586   2618      NaN     NaN     NaN    3511
2049  276414  60213   258       274         126      136   591   2640      NaN     NaN     NaN    3514
2050  270418  58484   294       273         129      125   589   2644      NaN     NaN     NaN    3518
