Power development program #020b8596: With CCS
Power development program: With CCS

Annual generation capacity addition by fuel type (MW)
      Coal   Gas  Oil  BigHydro  SmallHydro  Biomass  Wind  Solar  CoalCCS  GasCCS  BioCCS  Import  PumpedStorage
year                                                                                                             
1974   100     0   20       118          46        0     0      0        0       0       0       0              0
1975   105     0   20       118          46        0     0      0        0       0       0       0              0
1976     0     0   20       118          46        0     0      0        0       0       0       0              0
1977     0     0   20       118          46        0     0      0        0       0       0       0              0
1978     0     0   20       118          46        0     0      0        0       0       0       0              0
1979     0     0   20       118          46        0     0      0        0       0       0       0              0
1980     0     0   20       118          46        0     0      0        0       0       0       0              0
1981     0     0   20       118          46        0     0      0        0       0       0       0              0
1982     0     0   20       118          46        0     0      0        0       0       0       0              0
1983   440     0   20       118          46        0     0      0        0       0       0       0              0
1984     0     0   20       118          46        0     0      0        0       0       0       0              0
1985     0     0   20       118          46        0     0      0        0       0       0       0              0
1986     0     0   20       518          46        0     0      0        0       0       0       0              0
1987     0     0   20       118          46        0     0      0        0       0       0       0              0
1988     0     0   20       118          46        0     0      0        0       0       0       0              0
1989     0     0   20       118          46        0     0      0        0       0       0       0              0
1990     0     0   20       118          46        0     0      0        0       0       0       0              0
1991     0     0   20       118          46        0     0      0        0       0       0       0              0
1992     0   114   20       118          46        0     0      0        0       0       0       0              0
1993     0     0   20       118          46        0     0      0        0       0       0       0              0
1994     0   150   20      2038          46        0     0      0        0       0       0       0              0
1995     0     0   20       118          46        0     0      0        0       0       0       0              0
1996     0     0   20       118          46        0     0      0        0       0       0       0              0
1997     0   896   20       118          46        0     0      0        0       0       0       0              0
1998     0     0   20       118          46        0     0      0        0       0       0       0              0
1999     0     0   20       118          46        0     0      0        0       0       0       0              0
2000     0  1108   20       118          46        0     0      0        0       0       0       0              0
2001   600     0   20      1138          46        0     0      0        0       0       0       0              0
2002     0     0   20       118          46        0     0      0        0       0       0       0              0
2003   310     0   20       118          46        0     0      0        0       0       0       0              0
2004   110  1191   20       118          46        0     0      0        0       0       0       0              0
2005   115   733   20       118          46        0     0      0        0       0       0       0              0
2006     0     0   20       398          46        0     0      0        0       0       0       0              0
2007   300   389   20       378          46        0     0      0        0       0       0       0              0
2008     0  1542   20       628          46        6     0      0        0       0       0       0              0
2009  2020   465   20       900          46       12     0      0        0       0       0       0              0
2010     0   660   20       798          46       19     0      0        0       0       0       0              0
2011     0   750   20       118          46        0    30      0        0       0       0       0              0
2012   440     0   20      3058          46        0     0      0        0       0       0       0              0
2013  2130     0   20       118          46        0    22      0        0       0       0       0              0
2014     0     0   20       118          46        0     0      0        0       0       0       0              0
2015  6233     0   55      1006          63       20    83      0        0       0       0       0              0
2016  1310     0    0      2195         106       46    44     56        0       0       0      96              0
2017  1800     0   75       426         212       92    88    113        0       0       0     192              0
2018  2700     0  150       516         318      138   133    170        0       0       0     288              0
2019  4820     0    0       406         424      184   177    226        0       0       0     384              0
2020  2290   750    0       490         530      231   221    283        0       0       0     480              0
2021  6565  1500    0       490          46       71    80    210        0       0       0       0              0
2022  7980   750    0       360          93      143   160    420        0       0       0       1              0
2023  3230  2250    0       105         139      214   240    630        0       0       0       1            600
2024  1800  2250    0         0         186      286   320    840        0       0       0       2              0
2025  2500   750    0       200         233      358   400   1050        0       0       0       2            600
2026  2000  2250    0        72         111       97   266    533        0       0       0       7              0
2027  2000   750    0         0         223      194   533   1066        0       0       0      14              0
2028  1800  1950    0         0         335      291   800   1600        0       0       0      21            300
2029  1200  2300    0         0         446      388  1066   2133        0       0       0      28            300
2030   600  1100    0       180         558      485  1333   2666        0       0       0      35            600
2031     0   750   20         0          50       50   900   1000        0       0       0      50             50
2032     0   750   20         0          50       50   900   1000        0       0       0      50             50
2033     0   750   20         0          50       50   900   1000        0       0       0      50             50
2034     0   750   20         0          50       50   900   1000        0       0       0      50             50
2035     0   750   20         0          50       50   900   1000        0       0       0      50             50
2036     0   750   20         0          50       50   900   1000        0       0       0      50             50
2037     0   750   20         0          50       50   900   1000        0       0       0      50             50
2038     0   750   20         0          50       50   900   1000        0       0       0      50             50
2039     0   750   20         0          50       50   900   1000        0       0       0      50             50
2040     0   750   20         0          50       50   900   1000        0       0       0      50             50
2041     0   750   20         0          50       50   900   1000        0       0       0      50             50
2042     0   750   20         0          50       50   900   1000        0       0       0      50             50
2043     0   750   20         0          50       50   900   1000        0       0       0      50             50
2044     0   750   20         0          50       50   900   1000        0       0       0      50             50
2045     0   750   20         0          50       50   900   1000        0       0       0      50             50
2046     0   750   20         0          50       50   900   1000        0       0       0      50             50
2047     0   750   20         0          50       50   900   1000        0       0       0      50             50
2048     0   750   20         0          50       50   900   1000        0       0       0      50             50
2049     0   750   20         0          50       50   900   1000        0       0       0      50             50
2050     0   750   20         0          50       50   900   1000        0       0       0      50             50

Old capacity retirement by fuel type (MW)
      Coal   Gas  Oil  BigHydro  SmallHydro  Biomass  Wind  Solar  CoalCCS  GasCCS  BioCCS
year                                                                                      
1974     0     0    0         0           0        0     0      0        0       0       0
1975     0     0    0         0           0        0     0      0        0       0       0
1976     0     0    0         0           0        0     0      0        0       0       0
1977     0     0    0         0           0        0     0      0        0       0       0
1978     0     0    0         0           0        0     0      0        0       0       0
1979     0     0    0         0           0        0     0      0        0       0       0
1980     0     0    0         0           0        0     0      0        0       0       0
1981     0     0    0         0           0        0     0      0        0       0       0
1982     0     0    0         0           0        0     0      0        0       0       0
1983     0     0    0         0           0        0     0      0        0       0       0
1984     0     0    0         0           0        0     0      0        0       0       0
1985     0     0    0         0           0        0     0      0        0       0       0
1986     0     0    0         0           0        0     0      0        0       0       0
1987     0     0    0         0           0        0     0      0        0       0       0
1988     0     0    0         0           0        0     0      0        0       0       0
1989     0     0    0         0           0        0     0      0        0       0       0
1990     0     0    0         0           0        0     0      0        0       0       0
1991     0     0    0         0           0        0     0      0        0       0       0
1992     0     0    0         0           0        0     0      0        0       0       0
1993     0     0    0         0           0        0     0      0        0       0       0
1994     0     0    0         0           0        0     0      0        0       0       0
1995     0     0    0         0           0        0     0      0        0       0       0
1996     0     0    0         0           0        0     0      0        0       0       0
1997     0     0    0         0           0        0     0      0        0       0       0
1998     0     0    0         0           0        0     0      0        0       0       0
1999     0     0    0         0           0        0     0      0        0       0       0
2000     0     0    0         0           0        0     0      0        0       0       0
2001     0     0    0         0           0        0     0      0        0       0       0
2002     0     0    0         0           0        0     0      0        0       0       0
2003     0     0    0         0           0        0     0      0        0       0       0
2004     0     0   10         0           0        0     0      0        0       0       0
2005     0     0   20         0           0        0     0      0        0       0       0
2006     0     0   20         0           0        0     0      0        0       0       0
2007     0     0   20         0           0        0     0      0        0       0       0
2008     0     0   20         0           0        0     0      0        0       0       0
2009     0     0   20         0           0        0     0      0        0       0       0
2010     0     0   20         0           0        0     0      0        0       0       0
2011     0     0   20         0           0        0     0      0        0       0       0
2012     0     0   20         0           0        0     0      0        0       0       0
2013     0     0   20         0           0        0     0      0        0       0       0
2014    50     0   20         0           0        0     0      0        0       0       0
2015   102     0   20         0           0        0     0      0        0       0       0
2016    52     0   20         0           0        0     0      0        0       0       0
2017     0    57   60       100           0        0     0      0        0       0       0
2018     0    57  100       200           0        0     0      0        0       0       0
2019     0    75  100       200           0        0     0      0        0       0       0
2020     0    75   60       100           0        0     0      0        0       0       0
2021     0     0   20         0           0        0     0      0        0       0       0
2022     0   448   20         0           0        0     0      0        0       0       0
2023   220   448   20         0           0        0     0      0        0       0       0
2024   220     0   20         0           0        0     0      0        0       0       0
2025     0   554   20         0           0        0     0      0        0       0       0
2026     0   554   20         0           0        0     0      0        0       0       0
2027     0     0   20         0           0        0     0      0        0       0       0
2028     0     0   20         0           0        0     0      0        0       0       0
2029     0   596   20         0           0        0     0      0        0       0       0
2030     0   962   20         0           0        0     0      0        0       0       0
2031     0   366   20         0           0        0    15      0        0       0       0
2032     0   194   20         0           0        0    15      0        0       0       0
2033     0   966   20         0           0        3    11      0        0       0       0
2034     0  1004   20         0          23        9    11      0        0       0       0
2035     0   562   20         0          46       16    42      0        0       0       0
2036     0   705   20         0          46       10    64      0        0       0       0
2037     0   375   20         0          46        0    66      0        0       0       0
2038     0     0   20         0          46        0   110      0        0       0       0
2039     0     0   20         0          46        0   155      0        0       0       0
2040     0     0   20         0          46       10   199      0        0       0       0
2041   300     0   20         0          46       33   150     28        0       0       0
2042   300     0   20         0          46       69   120     84        0       0       0
2043   155     0   20         0          46      115   200    142        0       0       0
2044   210     0   20         0          46      161   280    198        0       0       0
2045   112   375   38         0          46      208   360    254        0       0       0
2046    58  1125   28         0          46      151   333    246        0       0       0
2047   150  1125   38         0          46      107   400    315        0       0       0
2048   150  1500  112         0          46      178   666    525        0       0       0
2049  1010  2250   75         0          46      250   933    735        0       0       0
2050  1010  1500    0         0          46      322  1200    945        0       0       0

Generation capacity by fuel type (MW)
       Coal    Gas  Oil  BigHydro  SmallHydro  Biomass   Wind  Solar  CoalCCS  GasCCS  BioCCS  Import  PumpedStorage
year                                                                                                                
1974    100      0   20       118          46        0      0      0        0       0       0       0              0
1975    205      0   40       236          92        0      0      0        0       0       0       0              0
1976    205      0   60       354         138        0      0      0        0       0       0       0              0
1977    205      0   80       472         184        0      0      0        0       0       0       0              0
1978    205      0  100       590         230        0      0      0        0       0       0       0              0
1979    205      0  120       708         276        0      0      0        0       0       0       0              0
1980    205      0  140       826         322        0      0      0        0       0       0       0              0
1981    205      0  160       944         368        0      0      0        0       0       0       0              0
1982    205      0  180      1062         414        0      0      0        0       0       0       0              0
1983    645      0  200      1180         460        0      0      0        0       0       0       0              0
1984    645      0  220      1298         506        0      0      0        0       0       0       0              0
1985    645      0  240      1416         552        0      0      0        0       0       0       0              0
1986    645      0  260      1934         598        0      0      0        0       0       0       0              0
1987    645      0  280      2052         644        0      0      0        0       0       0       0              0
1988    645      0  300      2170         690        0      0      0        0       0       0       0              0
1989    645      0  320      2288         736        0      0      0        0       0       0       0              0
1990    645      0  340      2406         782        0      0      0        0       0       0       0              0
1991    645      0  360      2524         828        0      0      0        0       0       0       0              0
1992    645    114  380      2642         874        0      0      0        0       0       0       0              0
1993    645    114  400      2760         920        0      0      0        0       0       0       0              0
1994    645    264  420      4798         966        0      0      0        0       0       0       0              0
1995    645    264  440      4916        1012        0      0      0        0       0       0       0              0
1996    645    264  460      5034        1058        0      0      0        0       0       0       0              0
1997    645   1160  480      5152        1104        0      0      0        0       0       0       0              0
1998    645   1160  500      5270        1150        0      0      0        0       0       0       0              0
1999    645   1160  520      5388        1196        0      0      0        0       0       0       0              0
2000    645   2268  540      5506        1242        0      0      0        0       0       0       0              0
2001   1245   2268  560      6644        1288        0      0      0        0       0       0       0              0
2002   1245   2268  580      6762        1334        0      0      0        0       0       0       0              0
2003   1555   2268  600      6880        1380        0      0      0        0       0       0       0              0
2004   1665   3459  610      6998        1426        0      0      0        0       0       0       0              0
2005   1780   4192  610      7116        1472        0      0      0        0       0       0       0              0
2006   1780   4192  610      7514        1518        0      0      0        0       0       0       0              0
2007   2080   4581  610      7892        1564        0      0      0        0       0       0       0              0
2008   2080   6123  610      8520        1610        6      0      0        0       0       0       0              0
2009   4100   6588  610      9420        1656       18      0      0        0       0       0       0              0
2010   4100   7248  610     10218        1702       37      0      0        0       0       0       0              0
2011   4100   7998  610     10336        1748       37     30      0        0       0       0       0              0
2012   4540   7998  610     13394        1794       37     30      0        0       0       0       0              0
2013   6670   7998  610     13512        1840       37     52      0        0       0       0       0              0
2014   6620   7998  610     13630        1886       37     52      0        0       0       0       0              0
2015  12750   7998  645     14636        1949       57    135      0        0       0       0       0              0
2016  14008   7998  625     16831        2055      103    179     56        0       0       0      96              0
2017  15808   7941  640     17157        2267      195    267    169        0       0       0     288              0
2018  18508   7884  690     17473        2585      333    400    339        0       0       0     576              0
2019  23328   7809  590     17679        3009      517    577    565        0       0       0     960              0
2020  25618   8484  530     18069        3539      748    798    848        0       0       0    1440              0
2021  32183   9984  510     18559        3585      819    878   1058        0       0       0    1440              0
2022  40163  10286  490     18919        3678      962   1038   1478        0       0       0    1441              0
2023  43173  12088  470     19024        3817     1176   1278   2108        0       0       0    1442            600
2024  44753  14338  450     19024        4003     1462   1598   2948        0       0       0    1444            600
2025  47253  14534  430     19224        4236     1820   1998   3998        0       0       0    1446           1200
2026  49253  16230  410     19296        4347     1917   2264   4531        0       0       0    1453           1200
2027  51253  16980  390     19296        4570     2111   2797   5597        0       0       0    1467           1200
2028  53053  18930  370     19296        4905     2402   3597   7197        0       0       0    1488           1500
2029  54253  20634  350     19296        5351     2790   4663   9330        0       0       0    1516           1800
2030  54853  20772  330     19476        5909     3275   5996  11996        0       0       0    1551           2400
2031  54853  21156  330     19476        5959     3325   6881  12996        0       0       0    1601           2450
2032  54853  21712  330     19476        6009     3375   7766  13996        0       0       0    1651           2500
2033  54853  21496  330     19476        6059     3422   8655  14996        0       0       0    1701           2550
2034  54853  21242  330     19476        6086     3463   9544  15996        0       0       0    1751           2600
2035  54853  21430  330     19476        6090     3498  10402  16996        0       0       0    1801           2650
2036  54853  21475  330     19476        6094     3538  11239  17996        0       0       0    1851           2700
2037  54853  21850  330     19476        6098     3588  12073  18996        0       0       0    1901           2750
2038  54853  22600  330     19476        6102     3638  12862  19996        0       0       0    1951           2800
2039  54853  23350  330     19476        6106     3688  13608  20996        0       0       0    2001           2850
2040  54853  24100  330     19476        6110     3728  14308  21996        0       0       0    2051           2900
2041  54553  24850  330     19476        6114     3745  15058  22968        0       0       0    2101           2950
2042  54253  25600  330     19476        6118     3726  15838  23884        0       0       0    2151           3000
2043  54098  26350  330     19476        6122     3661  16538  24742        0       0       0    2201           3050
2044  53888  27100  330     19476        6126     3550  17158  25544        0       0       0    2251           3100
2045  53776  27475  312     19476        6130     3392  17698  26290        0       0       0    2301           3150
2046  53718  27100  305     19476        6134     3292  18265  27043        0       0       0    2351           3200
2047  53568  26725  288     19476        6138     3234  18766  27728        0       0       0    2401           3250
2048  53418  25975  195     19476        6142     3106  18999  28203        0       0       0    2451           3300
2049  52408  24475  140     19476        6146     2906  18966  28468        0       0       0    2501           3350
2050  51398  23725  160     19476        6150     2634  18666  28523        0       0       0    2551           3400

Electricity production (GWh)
        Coal     Gas   Oil  BigHydro  SmallHydro  Biomass   Wind  Solar  CoalCCS  GasCCS  BioCCS  Import   Total
year                                                                                                            
1974       0       0     0         0           0        0      0      0        0       0       0       0       0
1975       0       0     0         0           0        0      0      0        0       0       0       0       0
1976       0       0     0         0           0        0      0      0        0       0       0       0       0
1977       0       0     0         0           0        0      0      0        0       0       0       0       0
1978       0       0     0         0           0        0      0      0        0       0       0       0       0
1979       0       0     0         0           0        0      0      0        0       0       0       0       0
1980       0       0     0         0           0        0      0      0        0       0       0       0       0
1981       0       0     0         0           0        0      0      0        0       0       0       0       0
1982       0       0     0         0           0        0      0      0        0       0       0       0       0
1983       0       0     0         0           0        0      0      0        0       0       0       0       0
1984       0       0     0         0           0        0      0      0        0       0       0       0       0
1985       0       0     0         0           0        0      0      0        0       0       0       0       0
1986       0       0     0         0           0        0      0      0        0       0       0       0       0
1987       0       0     0         0           0        0      0      0        0       0       0       0       0
1988       0       0     0         0           0        0      0      0        0       0       0       0       0
1989       0       0     0         0           0        0      0      0        0       0       0       0       0
1990    2001       0   745      3864        1505        0      0      0        0       0       0       0    8115
1991    1366       0   788      4546        1771        0      0      0        0       0       0       0    8471
1992     851       6   832      5201        2027        0      0      0        0       0       0       0    8917
1993     637      14   876      5731        2234        0      0      0        0       0       0       0    9492
1994    1071       4   920      9039         204        0      0      0        0       0       0       0   11238
1995    2023     748   964      7614        2968        0      0      0        0       0       0       0   14317
1996    2376    1097  1007      8640        3368        0      0      0        0       0       0       0   16488
1997    3325    1973  1051      8388        3269        0      0      0        0       0       0       0   18006
1998    3480    3437  1095      7983        3112        0      0      0        0       0       0       0   19107
1999    2915    3596  1139      9911        3863        0      0      0        0       0       0       0   21424
2000    3135    4356  1183     10470        4081        0      0      0        0       0       0       0   23225
2001    3218    4423  1226     17503         707        0      0      0        0       0       0       0   27077
2002    4878    8334  1270     13094        5104        0      0      0        0       0       0       0   32680
2003    7237   12044  1314     13661        5325        0      0      0        0       0       0       0   39581
2004    7173   19533  1336     12821        4997        0      0      0        0       0       0       0   45860
2005   12175   22319  1336     12193        4752        0      0      0        0       0       0     383   53158
2006   14114   24502  1336     18294        2114        0      0      0        0       0       0     966   61326
2007   14620   26618  1336     20536        2499        0      0      0        0       0       0    2630   68239
2008   14723   31062  1336     24213        1773        0      0      0        0       0       0    3220   76327
2009   14979   36358  1336     28524        1457       72      0      0        0       0       0    3729   86455
2010   22429   38827  1336     38694        2230      143      0      0        0       0       0    3873  107532
2011   22429   38827  1336     29446       11478       79     64      0        0       0       0    3873  107532
2012   24855   39426  1336     52013         782       80     64      0        0       0       0    1452  120008
2013   30654   41876  1336     37383       14572       60     85      0        0       0       0    2326  128292
2014   34304   47211  1336     42124       16420       61     85      0        0       0       0    2621  144162
2015   55855   48843  1413     49950        5779       89    211      0        0       0       0    2465  164605
2016   67174   44652  1369     54053       12059      183    318     99        0       0       0    3249  183156
2017   77007   43019  1402     57185       11801      378    517    328        0       0       0    4026  195664
2018   91566   41405  1511     60362       11745      700    841    713        0       0       0    4804  213646
2019  117185   39718  1292     63223       11679     1171   1307   1280        0       0       0    5582  242436
2020  130635   41746  1161     66813       11392     1817   1938   2060        0       0       0    6360  263922
2021  161054   49436  1117     68382       11329     1910   2047   2467        0       0       0    6368  304110
2022  197173   51249  1073     69461       11407     2150   2320   3303        0       0       0    6376  344510
2023  207848   60600  1029     69597       11614     2513   2731   4505        0       0       0    6384  366823
2024  211202   72323   986     69348       11945     2983   3260   6014        0       0       0    6392  384452
2025  218511   73761   942     69825       12391     3536   3882   7767        0       0       0    6400  397015
2026  236544   82280   898     70117       12779     3763   4444   8893        0       0       0    6493  426210
2027  255291   85990   854     70147       13501     4186   5546  11097        0       0       0    6586  453196
2028  273719   95762   810     70177       14562     4811   7204  14414        0       0       0    6678  488136
2029  289586  104272   766     70206       15964     5643   9432  18872        0       0       0    6771  521514
2030  302572  104857   723     70892       17714     6690  12248  24505        0       0       0    6864  547064
2031  301859  107013   723     70759       18537     6889  14258  26530        0       0       0    6871  553437
2032  301146  110048   723     70627       19371     7092  16319  28551        0       0       0    6878  560754
2033  300432  109180   723     70494       20216     7291  18440  30570        0       0       0    6884  564231
2034  299719  108113   723     70362       20993     7479  20613  32587        0       0       0    6891  567481
2035  299006  109291   723     70230       21695     7656  22772  34600        0       0       0    6898  572870
2036  298293  109744   723     70097       22397     7848  24932  36611        0       0       0    6905  577549
2037  297579  111887   723     69965       23100     8064  27135  38618        0       0       0    6912  583984
2038  296866  115963   723     69833       23804     8283  29286  40623        0       0       0    6918  592300
2039  296153  120054   723     69700       24509     8505  31381  42626        0       0       0    6925  600576
2040  295440  124161   723     69568       25215     8706  33416  44625        0       0       0    6932  608786
2041  293115  128284   723     69435       25922     8856  35607  46565        0       0       0    6939  615445
2042  290797  132422   723     69303       26630     8920  37915  48388        0       0       0    6946  622043
2043  289263  136576   723     69171       27339     8871  40074  50092        0       0       0    6952  629061
2044  287439  140745   723     69038       28048     8706  42079  51680        0       0       0    6959  635418
2045  286140  142979   684     68906       28759     8419  43921  53152        0       0       0    6966  639926
2046  285136  141309   668     68773       29470     8265  45863  54637        0       0       0    6973  641094
2047  283643  139632   630     68641       30182     8216  47668  55983        0       0       0    6980  641575
2048  282154  135984   427     68509       30895     7981  48817  56902        0       0       0    6986  638656
2049  276138  128386   307     68376       31609     7552  49288  57397        0       0       0    6993  626046
2050  270148  124699   350     68244       32324     6922  49056  57468        0       0       0    7000  616211

Capacity factors
      Coal   Gas   Oil  BigHydro  SmallHydro  Biomass  Wind  Solar  CoalCCS  GasCCS  BioCCS
year                                                                                       
1990  0.35   NaN  0.25      0.18        0.22      NaN   NaN    NaN     0.35     NaN     NaN
1991  0.24   NaN  0.25      0.21        0.24      NaN   NaN    NaN     0.24     NaN     NaN
1992  0.15  0.01  0.25      0.22        0.26      NaN   NaN    NaN     0.15    0.01     NaN
1993  0.11  0.01  0.25      0.24        0.28      NaN   NaN    NaN     0.11    0.01     NaN
1994  0.19  0.00  0.25      0.22        0.02      NaN   NaN    NaN     0.19    0.00     NaN
1995  0.36  0.32  0.25      0.18        0.33      NaN   NaN    NaN     0.36    0.32     NaN
1996  0.42  0.47  0.25      0.20        0.36      NaN   NaN    NaN     0.42    0.47     NaN
1997  0.59  0.19  0.25      0.19        0.34      NaN   NaN    NaN     0.59    0.19     NaN
1998  0.62  0.34  0.25      0.17        0.31      NaN   NaN    NaN     0.62    0.34     NaN
1999  0.52  0.35  0.25      0.21        0.37      NaN   NaN    NaN     0.52    0.35     NaN
2000  0.55  0.22  0.25      0.22        0.38      NaN   NaN    NaN     0.55    0.22     NaN
2001  0.30  0.22  0.25      0.30        0.06      NaN   NaN    NaN     0.30    0.22     NaN
2002  0.45  0.42  0.25      0.22        0.44      NaN   NaN    NaN     0.45    0.42     NaN
2003  0.53  0.61  0.25      0.23        0.44      NaN   NaN    NaN     0.53    0.61     NaN
2004  0.49  0.64  0.25      0.21        0.40      NaN   NaN    NaN     0.49    0.64     NaN
2005  0.78  0.61  0.25      0.20        0.37      NaN   NaN    NaN     0.78    0.61     NaN
2006  0.91  0.67  0.25      0.28        0.16      NaN   NaN    NaN     0.91    0.67     NaN
2007  0.80  0.66  0.25      0.30        0.18      NaN   NaN    NaN     0.80    0.66     NaN
2008  0.81  0.58  0.25      0.32        0.13      NaN   NaN    NaN     0.81    0.58     NaN
2009  0.42  0.63  0.25      0.35        0.10     0.46  0.46   0.46     0.42    0.63    0.46
2010  0.62  0.61  0.25      0.43        0.15     0.44  0.44   0.44     0.62    0.61    0.44
2011  0.62  0.55  0.25      0.33        0.75     0.24  0.24   0.24     0.62    0.55    0.24
2012  0.62  0.56  0.25      0.44        0.05     0.25  0.25   0.25     0.62    0.56    0.25
2013  0.52  0.60  0.25      0.32        0.90     0.19  0.19   0.19     0.52    0.60    0.19
2014  0.59  0.67  0.25      0.35        0.99     0.19  0.19   0.19     0.59    0.67    0.19
2015  0.50  0.70  0.25      0.39        0.34     0.18  0.18   0.18     0.50    0.70    0.18
2016  0.55  0.64  0.25      0.37        0.67     0.20  0.20   0.20     0.55    0.64    0.20
2017  0.56  0.62  0.25      0.38        0.59     0.22  0.22   0.22     0.56    0.62    0.22
2018  0.56  0.60  0.25      0.39        0.52     0.24  0.24   0.24     0.56    0.60    0.24
2019  0.57  0.58  0.25      0.41        0.44     0.26  0.26   0.26     0.57    0.58    0.26
2020  0.58  0.56  0.25      0.42        0.37     0.28  0.28   0.28     0.58    0.56    0.28
2021  0.57  0.57  0.25      0.42        0.36     0.27  0.27   0.27     0.57    0.57    0.27
2022  0.56  0.57  0.25      0.42        0.35     0.26  0.26   0.26     0.56    0.57    0.26
2023  0.55  0.57  0.25      0.42        0.35     0.24  0.24   0.24     0.55    0.57    0.24
2024  0.54  0.58  0.25      0.42        0.34     0.23  0.23   0.23     0.54    0.58    0.23
2025  0.53  0.58  0.25      0.41        0.33     0.22  0.22   0.22     0.53    0.58    0.22
2026  0.55  0.58  0.25      0.41        0.34     0.22  0.22   0.22     0.55    0.58    0.22
2027  0.57  0.58  0.25      0.41        0.34     0.23  0.23   0.23     0.57    0.58    0.23
2028  0.59  0.58  0.25      0.42        0.34     0.23  0.23   0.23     0.59    0.58    0.23
2029  0.61  0.58  0.25      0.42        0.34     0.23  0.23   0.23     0.61    0.58    0.23
2030  0.63  0.58  0.25      0.42        0.34     0.23  0.23   0.23     0.63    0.58    0.23
2031  0.63  0.58  0.25      0.41        0.36     0.24  0.24   0.23     0.63    0.58    0.24
2032  0.63  0.58  0.25      0.41        0.37     0.24  0.24   0.23     0.63    0.58    0.24
2033  0.63  0.58  0.25      0.41        0.38     0.24  0.24   0.23     0.63    0.58    0.24
2034  0.62  0.58  0.25      0.41        0.39     0.25  0.25   0.23     0.62    0.58    0.25
2035  0.62  0.58  0.25      0.41        0.41     0.25  0.25   0.23     0.62    0.58    0.25
2036  0.62  0.58  0.25      0.41        0.42     0.25  0.25   0.23     0.62    0.58    0.25
2037  0.62  0.58  0.25      0.41        0.43     0.26  0.26   0.23     0.62    0.58    0.26
2038  0.62  0.59  0.25      0.41        0.45     0.26  0.26   0.23     0.62    0.59    0.26
2039  0.62  0.59  0.25      0.41        0.46     0.26  0.26   0.23     0.62    0.59    0.26
2040  0.61  0.59  0.25      0.41        0.47     0.27  0.27   0.23     0.61    0.59    0.27
2041  0.61  0.59  0.25      0.41        0.48     0.27  0.27   0.23     0.61    0.59    0.27
2042  0.61  0.59  0.25      0.41        0.50     0.27  0.27   0.23     0.61    0.59    0.27
2043  0.61  0.59  0.25      0.41        0.51     0.28  0.28   0.23     0.61    0.59    0.28
2044  0.61  0.59  0.25      0.40        0.52     0.28  0.28   0.23     0.61    0.59    0.28
2045  0.61  0.59  0.25      0.40        0.54     0.28  0.28   0.23     0.61    0.59    0.28
2046  0.61  0.60  0.25      0.40        0.55     0.29  0.29   0.23     0.61    0.60    0.29
2047  0.60  0.60  0.25      0.40        0.56     0.29  0.29   0.23     0.60    0.60    0.29
2048  0.60  0.60  0.25      0.40        0.57     0.29  0.29   0.23     0.60    0.60    0.29
2049  0.60  0.60  0.25      0.40        0.59     0.30  0.30   0.23     0.60    0.60    0.30
2050  0.60  0.60  0.25      0.40        0.60     0.30  0.30   0.23     0.60    0.60    0.30
Power development program #020b8596: With CCS

Annual generation capacity addition by fuel type (MW)
      Coal   Gas  Oil  BigHydro  SmallHydro  Biomass  Wind  Solar  CoalCCS  GasCCS  BioCCS  Import  PumpedStorage
year                                                                                                             
2016  1310     0    0      2195         106       46    44     56        0       0       0      96              0
2020  2290   750    0       490         530      231   221    283        0       0       0     480              0
2025  2500   750    0       200         233      358   400   1050        0       0       0       2            600
2030   600  1100    0       180         558      485  1333   2666        0       0       0      35            600
2040     0   750   20         0          50       50   900   1000        0       0       0      50             50
2050     0   750   20         0          50       50   900   1000        0       0       0      50             50

Old capacity retirement by fuel type (MW)
      Coal   Gas  Oil  BigHydro  SmallHydro  Biomass  Wind  Solar  CoalCCS  GasCCS  BioCCS
year                                                                                      
2016    52     0   20         0           0        0     0      0        0       0       0
2020     0    75   60       100           0        0     0      0        0       0       0
2025     0   554   20         0           0        0     0      0        0       0       0
2030     0   962   20         0           0        0     0      0        0       0       0
2040     0     0   20         0          46       10   199      0        0       0       0
2050  1010  1500    0         0          46      322  1200    945        0       0       0

Generation capacity by fuel type (MW)
       Coal    Gas  Oil  BigHydro  SmallHydro  Biomass   Wind  Solar  CoalCCS  GasCCS  BioCCS  Import  PumpedStorage
year                                                                                                                
2016  14008   7998  625     16831        2055      103    179     56        0       0       0      96              0
2020  25618   8484  530     18069        3539      748    798    848        0       0       0    1440              0
2025  47253  14534  430     19224        4236     1820   1998   3998        0       0       0    1446           1200
2030  54853  20772  330     19476        5909     3275   5996  11996        0       0       0    1551           2400
2040  54853  24100  330     19476        6110     3728  14308  21996        0       0       0    2051           2900
2050  51398  23725  160     19476        6150     2634  18666  28523        0       0       0    2551           3400

Electricity production (GWh)
        Coal     Gas   Oil  BigHydro  SmallHydro  Biomass   Wind  Solar  CoalCCS  GasCCS  BioCCS  Import   Total
year                                                                                                            
2016   67174   44652  1369     54053       12059      183    318     99        0       0       0    3249  183156
2020  130635   41746  1161     66813       11392     1817   1938   2060        0       0       0    6360  263922
2025  218511   73761   942     69825       12391     3536   3882   7767        0       0       0    6400  397015
2030  302572  104857   723     70892       17714     6690  12248  24505        0       0       0    6864  547064
2040  295440  124161   723     69568       25215     8706  33416  44625        0       0       0    6932  608786
2050  270148  124699   350     68244       32324     6922  49056  57468        0       0       0    7000  616211

Capacity factors
      Coal   Gas   Oil  BigHydro  SmallHydro  Biomass  Wind  Solar  CoalCCS  GasCCS  BioCCS
year                                                                                       
2016  0.55  0.64  0.25      0.37        0.67     0.20  0.20   0.20     0.55    0.64    0.20
2020  0.58  0.56  0.25      0.42        0.37     0.28  0.28   0.28     0.58    0.56    0.28
2025  0.53  0.58  0.25      0.41        0.33     0.22  0.22   0.22     0.53    0.58    0.22
2030  0.63  0.58  0.25      0.42        0.34     0.23  0.23   0.23     0.63    0.58    0.23
2040  0.61  0.59  0.25      0.41        0.47     0.27  0.27   0.23     0.61    0.59    0.27
2050  0.60  0.60  0.25      0.40        0.60     0.30  0.30   0.23     0.60    0.60    0.30

